[Room]
bathroom
245
165
235
159
255
155
250
144
250
170
240
160
[Room]
ballroom
160
180
175
150
200
190
149
163
135
170
170
205
[Room]
kitchen
95
177
80
184
105
197
79
164
88
190
110
171
[Room]
garden
40
200
50
250
31
170
20
195
31
285
60
220
[Room]
ground floor hall
188
132
130
120
180
130
175
125
160
120
136
130
[Room]
western dungeon hall
120
273
80
270
115
275
100
267
90
285
130
280
[Room]
dungeon
220
280
230
260
225
270
210
275
215
265
235
285
[Room]
eastern dungeon hall
170
285
150
270
180
275
170
267
190
285
160
280
[Room]
upstairs hall
130
70
188
73
180
85
175
70
160
75
136
85
[Room]
library
87
55
110
10
160
20
88
30
215
40
182
50
[Room]
bedroom
210
85
220
55
240
30
215
70
235
45
255
20
[Room]
secret room
50
10
30
15
45
30
35
40
42
50
33
23