[Room]
toilet
36
45
37
45
38
45
36
44
36
46
36
47
[Room]
bathroom
53
40
39
46
44
46
35
50
40
50
44
50
[Room]
top left corner
100
40
108
46
124
50
127
42
104
58
120
67
[Room]
bottom left corner
100
122
104
97
108
114
120
97
134
97
130
114
[Room]
top middle of the room
189
54
192
57
213
63
270
63
242
69
226
75
[Room]
bottom middle of the room
246
110
213
93
270
100
242
97
226
88
192
88
[Room]
top right corner
360
41
300
46
300
69
322
46
329
69
354
61
[Room]
bottom right corner
360
124
296
104
299
121
318
113
334
121
348
121
[Room]
telephone box
225
155
220
140
229
140
225
145
215
155
220
150